150, 80, 150, 90, 80, 80, 120, 120, 120, 20, 150, 40, 20, 120, 140, 40, 150, 80, 90, 150, 200, 50, 100, 150, 80, 50, 150, 90, 150, 200, 20, 80, 200, 140, 120, 20, 90, 100, 80, 200, 120, 200, 120, 140, 150, 150, 150, 140, 140, 100, 40, 140, 90, 200, 120, 40, 140, 90, 50, 190, 140, 150, 50, 50, 190, 190, 150, 80, 150, 200, 80, 150, 100, 120, 20, 190, 150, 140, 200, 40, 90, 90, 150, 150, 150, 50, 120, 190, 120, 40, 150, 40, 90, 120, 150, 80, 90, 150, 120, 20, 
150, 150, 200, 150, 150, 120, 90, 40, 40, 90, 90, 140, 140, 200, 120, 120, 90, 120, 90, 120, 80, 150, 90, 40, 50, 20, 200, 150, 190, 150, 140, 150, 90, 50, 80, 20, 90, 40, 120, 90, 90, 50, 80, 100, 90, 80, 190, 150, 120, 100, 150, 150, 190, 100, 120, 100, 80, 150, 190, 50, 140, 200, 190, 120, 150, 140, 150, 120, 150, 150, 120, 100, 80, 80, 20, 150, 80, 50, 80, 150, 90, 150, 120, 200, 190, 20, 100, 50, 190, 190, 20, 200, 150, 140, 120, 200, 80, 150, 120, 150, 
98, 134, 138, 195, 181, 120, 149, 190, 145, 149, 135, 138, 74, 112, 130, 112, 185, 99, 47, 92, 116, 86, 90, 144, 147, 128, 85, 120, 131, 186, 185, 175, 149, 112, 116, 139, 145, 38, 86, 143, 139, 144, 85, 112, 147, 95, 117, 185, 140, 49, 189, 180, 98, 149, 144, 137, 47, 149, 195, 145, 147, 85, 149, 138, 147, 76, 149, 186, 117, 138, 147, 147, 180, 173, 98, 135, 175, 147, 147, 137, 180, 116, 184, 149, 199, 186, 145, 99, 113, 183, 118, 183, 86, 143, 150, 183, 86, 138, 117, 186, 
118, 142, 136, 126, 167, 78, 136, 166, 138, 142, 118, 179, 138, 139, 113, 177, 187, 169, 181, 110, 170, 139, 149, 145, 143, 134, 146, 185, 137, 139, 126, 176, 162, 142, 129, 136, 188, 134, 181, 132, 185, 179, 133, 70, 185, 144, 109, 107, 159, 97, 139, 194, 184, 174, 143, 179, 169, 184, 145, 108, 149, 139, 194, 172, 141, 174, 147, 162, 81, 106, 126, 110, 174, 171, 141, 93, 81, 165, 191, 180, 169, 174, 142, 171, 125, 139, 185, 144, 129, 171, 113, 173, 129, 149, 178, 144, 109, 105, 135, 141, 
128, 167, 179, 131, 175, 169, 103, 168, 120, 169, 151, 78, 175, 113, 139, 179, 158, 154, 92, 131, 168, 172, 157, 172, 166, 138, 148, 165, 171, 95, 137, 147, 174, 158, 127, 171, 155, 131, 159, 157, 171, 129, 131, 165, 124, 174, 167, 132, 133, 166, 170, 164, 176, 142, 166, 168, 167, 154, 174, 117, 140, 142, 179, 125, 134, 132, 95, 168, 164, 104, 139, 136, 175, 128, 136, 127, 158, 179, 128, 128, 107, 134, 120, 167, 188, 130, 136, 117, 136, 130, 169, 186, 138, 144, 100, 161, 123, 134, 131, 168, 
122, 144, 137, 155, 119, 149, 151, 173, 133, 139, 169, 125, 125, 131, 171, 174, 121, 125, 130, 127, 153, 160, 131, 140, 148, 156, 130, 155, 102, 168, 127, 145, 153, 163, 120, 132, 178, 176, 156, 161, 126, 136, 129, 118, 144, 96, 121, 165, 163, 168, 163, 121, 166, 151, 151, 126, 120, 149, 161, 154, 167, 149, 123, 155, 140, 124, 116, 132, 167, 163, 117, 170, 125, 149, 155, 84, 153, 133, 119, 132, 164, 155, 148, 147, 149, 159, 168, 123, 140, 129, 144, 129, 114, 133, 158, 160, 130, 153, 163, 155, 
157, 153, 150, 160, 123, 127, 104, 94, 136, 128, 140, 134, 145, 149, 165, 121, 155, 149, 123, 139, 122, 114, 123, 123, 117, 141, 145, 131, 165, 147, 119, 168, 142, 145, 153, 125, 148, 153, 111, 115, 166, 144, 159, 135, 148, 156, 155, 148, 129, 156, 146, 115, 122, 140, 132, 152, 167, 139, 143, 161, 168, 114, 122, 114, 143, 147, 151, 138, 146, 130, 146, 139, 155, 130, 155, 153, 120, 161, 111, 120, 122, 156, 114, 119, 123, 139, 153, 136, 111, 156, 152, 140, 122, 137, 133, 139, 146, 158, 151, 140, 
123, 102, 132, 133, 139, 100, 137, 134, 135, 144, 143, 143, 131, 106, 125, 145, 147, 141, 149, 145, 140, 145, 135, 145, 112, 118, 152, 121, 135, 124, 147, 133, 136, 119, 138, 140, 90, 112, 146, 135, 131, 122, 141, 127, 143, 126, 143, 135, 122, 147, 120, 115, 128, 100, 139, 159, 140, 124, 135, 119, 130, 136, 141, 151, 107, 141, 140, 137, 126, 121, 133, 131, 154, 118, 115, 146, 115, 122, 146, 140, 122, 140, 139, 128, 126, 156, 150, 115, 143, 136, 146, 149, 116, 116, 118, 144, 137, 105, 153, 153, 
96, 133, 127, 125, 102, 136, 118, 97, 134, 142, 147, 118, 105, 140, 156, 155, 127, 138, 118, 132, 140, 133, 120, 143, 122, 127, 138, 118, 147, 124, 122, 123, 153, 124, 120, 132, 124, 137, 133, 131, 104, 103, 142, 104, 120, 107, 136, 145, 132, 118, 121, 121, 134, 133, 108, 138, 112, 120, 115, 134, 124, 129, 134, 141, 127, 116, 128, 111, 137, 128, 127, 136, 102, 136, 124, 128, 138, 137, 138, 134, 129, 110, 119, 117, 126, 117, 151, 156, 137, 125, 135, 118, 135, 136, 121, 142, 110, 137, 126, 134, 

130, 60, 160, 70, 30, 120, 140, 70, 150, 140, 120, 30, 170, 70, 120, 30, 120, 100, 170, 80, 70, 150, 30, 140, 100, 60, 30, 70, 130, 130, 140, 200, 200, 120, 70, 30, 30, 150, 160, 30, 100, 30, 130, 60, 100, 170, 100, 70, 100, 100, 60, 150, 30, 140, 100, 170, 30, 150, 70, 140, 60, 30, 160, 60, 140, 150, 80, 160, 70, 30, 150, 150, 70, 120, 30, 130, 120, 170, 100, 70, 160, 70, 140, 100, 80, 140, 160, 140, 170, 130, 130, 120, 120, 200, 70, 80, 70, 140, 30, 100, 
140, 130, 150, 30, 170, 80, 120, 70, 30, 70, 100, 170, 30, 140, 160, 130, 150, 60, 170, 80, 30, 30, 100, 70, 70, 130, 100, 100, 170, 170, 160, 70, 150, 200, 60, 30, 150, 130, 140, 70, 60, 70, 30, 100, 30, 130, 150, 30, 30, 80, 140, 30, 70, 70, 120, 200, 160, 70, 100, 140, 30, 140, 80, 120, 140, 170, 60, 30, 80, 30, 70, 200, 30, 100, 170, 30, 30, 30, 120, 30, 30, 150, 80, 170, 160, 160, 170, 70, 80, 170, 80, 70, 70, 30, 30, 130, 30, 160, 130, 70, 
145, 111, 149, 124, 96, 30, 147, 30, 166, 93, 161, 132, 187, 190, 194, 30, 183, 30, 145, 69, 187, 66, 159, 165, 141, 168, 150, 169, 97, 116, 150, 160, 147, 120, 138, 193, 79, 133, 30, 66, 30, 154, 93, 97, 143, 70, 98, 151, 151, 66, 147, 161, 124, 197, 142, 187, 138, 129, 75, 120, 187, 156, 75, 57, 125, 154, 195, 183, 163, 161, 30, 139, 111, 66, 57, 66, 115, 183, 186, 124, 57, 133, 138, 57, 165, 138, 139, 197, 152, 79, 183, 139, 145, 149, 156, 69, 120, 154, 141, 165, 
178, 137, 143, 122, 121, 65, 143, 129, 143, 127, 164, 147, 65, 181, 159, 182, 113, 89, 154, 136, 132, 119, 138, 115, 138, 137, 143, 105, 171, 182, 174, 119, 146, 113, 144, 128, 118, 149, 114, 90, 110, 114, 150, 105, 54, 113, 147, 65, 136, 181, 151, 91, 123, 119, 146, 131, 118, 134, 110, 182, 74, 140, 141, 166, 158, 152, 175, 146, 151, 66, 142, 182, 153, 135, 142, 124, 177, 155, 62, 188, 122, 148, 145, 62, 181, 136, 155, 146, 150, 165, 143, 140, 105, 190, 146, 121, 170, 122, 130, 156, 
159, 164, 120, 129, 142, 129, 171, 140, 112, 166, 104, 164, 147, 151, 142, 135, 131, 134, 167, 141, 132, 170, 144, 106, 163, 185, 147, 118, 176, 160, 160, 158, 120, 139, 140, 171, 123, 142, 121, 174, 169, 123, 165, 123, 127, 127, 179, 149, 111, 169, 162, 172, 93, 148, 160, 142, 184, 148, 145, 125, 137, 171, 177, 148, 141, 176, 154, 129, 149, 118, 161, 163, 156, 134, 176, 157, 82, 147, 175, 72, 121, 171, 133, 169, 131, 175, 131, 125, 119, 138, 162, 157, 136, 145, 169, 122, 166, 101, 134, 127, 
133, 162, 171, 149, 149, 116, 156, 129, 135, 169, 101, 146, 169, 130, 121, 120, 123, 160, 156, 155, 132, 182, 161, 99, 110, 128, 160, 149, 111, 152, 168, 167, 165, 158, 108, 176, 166, 123, 85, 136, 174, 123, 160, 165, 128, 117, 158, 142, 130, 114, 117, 138, 121, 170, 173, 119, 146, 140, 136, 102, 146, 139, 141, 139, 164, 105, 105, 172, 112, 144, 119, 159, 142, 129, 130, 122, 111, 133, 139, 112, 153, 150, 130, 139, 158, 160, 150, 138, 152, 123, 116, 138, 103, 131, 131, 120, 140, 135, 170, 140, 
132, 122, 148, 112, 138, 116, 130, 117, 126, 134, 137, 131, 142, 105, 102, 129, 132, 130, 158, 129, 121, 148, 137, 104, 156, 149, 125, 143, 148, 150, 152, 122, 102, 145, 120, 138, 123, 123, 137, 96, 131, 149, 140, 146, 128, 103, 139, 158, 129, 122, 130, 120, 96, 120, 128, 109, 129, 153, 159, 129, 147, 101, 113, 122, 126, 151, 150, 114, 145, 149, 159, 113, 125, 103, 132, 138, 147, 112, 150, 119, 139, 150, 113, 136, 134, 110, 142, 98, 146, 152, 145, 134, 144, 126, 132, 132, 163, 151, 161, 138, 
149, 130, 141, 145, 140, 119, 93, 111, 93, 125, 138, 142, 120, 150, 140, 123, 120, 138, 121, 110, 143, 119, 134, 144, 123, 125, 119, 151, 114, 127, 107, 111, 120, 128, 120, 138, 126, 103, 161, 149, 149, 161, 95, 74, 134, 137, 137, 122, 139, 117, 128, 112, 140, 127, 119, 142, 144, 150, 96, 131, 98, 113, 82, 99, 109, 112, 126, 131, 110, 134, 148, 140, 134, 132, 143, 144, 118, 105, 105, 123, 122, 109, 107, 121, 107, 137, 128, 84, 114, 127, 138, 98, 114, 137, 147, 147, 128, 125, 127, 121, 
133, 141, 124, 103, 132, 134, 99, 124, 110, 135, 101, 114, 125, 123, 124, 120, 123, 118, 106, 103, 109, 105, 135, 116, 118, 115, 136, 117, 109, 116, 130, 104, 120, 111, 124, 116, 139, 116, 121, 110, 113, 133, 118, 99, 131, 134, 108, 111, 126, 133, 119, 113, 130, 112, 127, 121, 101, 134, 144, 117, 120, 128, 117, 112, 123, 110, 104, 117, 131, 126, 125, 124, 113, 103, 133, 117, 106, 112, 85, 119, 131, 120, 86, 114, 107, 94, 108, 127, 132, 95, 132, 112, 109, 137, 130, 127, 110, 103, 120, 100, 

20, 140, 200, 160, 30, 160, 200, 160, 70, 190, 180, 140, 160, 30, 70, 20, 70, 70, 10, 140, 70, 140, 80, 140, 90, 70, 190, 70, 70, 190, 30, 80, 70, 30, 70, 190, 90, 70, 20, 20, 90, 10, 70, 70, 200, 200, 140, 80, 70, 160, 20, 200, 90, 160, 70, 20, 70, 70, 90, 200, 30, 70, 80, 140, 10, 200, 80, 30, 70, 140, 180, 20, 160, 80, 90, 160, 90, 70, 70, 10, 20, 30, 180, 160, 90, 70, 180, 10, 180, 80, 200, 30, 180, 80, 10, 190, 90, 90, 10, 10, 
70, 20, 20, 140, 160, 160, 140, 70, 20, 160, 70, 70, 80, 80, 190, 190, 10, 190, 190, 180, 160, 190, 160, 160, 160, 200, 10, 70, 90, 190, 80, 10, 70, 160, 70, 190, 90, 30, 90, 160, 80, 190, 70, 20, 160, 140, 70, 10, 200, 30, 20, 160, 10, 10, 140, 160, 180, 160, 70, 30, 20, 180, 30, 90, 160, 140, 30, 70, 200, 70, 70, 80, 30, 160, 160, 30, 90, 140, 160, 70, 180, 180, 70, 20, 190, 190, 10, 140, 20, 80, 180, 140, 80, 160, 200, 70, 190, 30, 10, 190, 
176, 187, 74, 178, 196, 178, 199, 158, 152, 88, 187, 194, 66, 128, 176, 158, 176, 180, 64, 152, 185, 158, 179, 79, 88, 64, 79, 19, 89, 187, 84, 178, 133, 70, 64, 194, 65, 88, 158, 158, 163, 66, 151, 153, 173, 134, 152, 70, 171, 198, 178, 164, 151, 189, 194, 169, 65, 88, 145, 151, 66, 196, 89, 84, 70, 199, 160, 151, 83, 79, 75, 133, 79, 151, 185, 169, 183, 151, 188, 88, 64, 133, 79, 194, 19, 128, 147, 182, 147, 187, 64, 187, 140, 171, 180, 146, 147, 64, 146, 176, 
121, 80, 145, 65, 128, 145, 82, 61, 142, 186, 126, 174, 177, 149, 134, 175, 149, 72, 170, 138, 165, 69, 169, 129, 175, 172, 137, 158, 139, 150, 184, 87, 123, 81, 169, 143, 160, 181, 136, 149, 137, 195, 174, 72, 120, 160, 149, 80, 139, 161, 177, 121, 171, 173, 137, 145, 128, 138, 160, 139, 161, 123, 142, 169, 139, 181, 158, 186, 170, 123, 166, 169, 169, 132, 137, 151, 138, 69, 129, 143, 175, 80, 185, 126, 120, 173, 128, 149, 82, 137, 120, 144, 178, 162, 185, 123, 149, 139, 121, 59, 
145, 179, 115, 137, 143, 129, 77, 158, 141, 172, 168, 152, 130, 179, 123, 151, 184, 163, 130, 118, 152, 181, 136, 164, 170, 61, 165, 142, 170, 142, 131, 159, 168, 169, 140, 181, 117, 150, 163, 160, 129, 132, 169, 186, 123, 159, 146, 72, 173, 182, 156, 154, 167, 156, 177, 165, 177, 149, 150, 65, 75, 150, 117, 130, 134, 164, 179, 136, 156, 144, 165, 134, 166, 161, 153, 163, 129, 134, 165, 129, 152, 163, 153, 172, 175, 129, 136, 136, 165, 180, 80, 68, 163, 141, 154, 146, 135, 170, 170, 173, 
127, 129, 166, 151, 160, 68, 113, 163, 163, 121, 148, 125, 168, 128, 148, 164, 150, 151, 146, 156, 160, 163, 140, 115, 143, 158, 164, 144, 144, 119, 79, 163, 119, 131, 127, 146, 103, 130, 105, 138, 127, 170, 164, 104, 151, 139, 168, 115, 163, 146, 104, 144, 121, 55, 159, 122, 151, 115, 153, 146, 134, 148, 171, 162, 121, 154, 178, 163, 161, 143, 161, 97, 151, 156, 149, 138, 167, 154, 155, 104, 116, 162, 165, 140, 151, 126, 169, 102, 169, 133, 127, 106, 144, 129, 169, 130, 182, 151, 149, 175, 
139, 162, 134, 156, 151, 121, 116, 130, 142, 140, 125, 152, 142, 128, 138, 156, 142, 169, 146, 139, 109, 134, 128, 142, 126, 165, 110, 141, 136, 152, 135, 157, 149, 128, 137, 112, 116, 133, 149, 138, 147, 152, 102, 155, 131, 161, 130, 154, 114, 70, 131, 140, 107, 148, 143, 146, 167, 134, 133, 135, 133, 155, 102, 105, 165, 146, 98, 160, 136, 157, 127, 156, 166, 147, 157, 130, 143, 121, 157, 134, 146, 151, 146, 146, 65, 139, 136, 163, 119, 168, 154, 159, 164, 121, 149, 143, 134, 138, 137, 140, 
130, 111, 132, 141, 144, 136, 139, 130, 132, 130, 115, 143, 126, 142, 140, 128, 120, 122, 152, 114, 155, 144, 128, 107, 147, 144, 116, 132, 107, 106, 130, 136, 133, 157, 132, 132, 134, 163, 119, 113, 141, 102, 113, 124, 118, 154, 124, 150, 121, 145, 148, 130, 119, 113, 121, 135, 104, 110, 137, 136, 134, 157, 141, 132, 121, 132, 135, 146, 134, 154, 132, 111, 123, 117, 121, 129, 121, 117, 134, 143, 144, 114, 146, 126, 132, 118, 132, 99, 134, 142, 146, 116, 142, 127, 146, 130, 139, 99, 117, 151, 
111, 104, 121, 132, 133, 121, 144, 115, 130, 125, 108, 98, 114, 107, 108, 128, 138, 130, 126, 127, 118, 104, 118, 136, 151, 129, 111, 132, 136, 104, 110, 138, 124, 91, 123, 104, 144, 125, 97, 111, 116, 110, 133, 133, 127, 114, 124, 123, 118, 149, 104, 116, 144, 139, 119, 119, 126, 96, 126, 131, 116, 128, 123, 135, 111, 120, 129, 146, 124, 117, 121, 136, 101, 98, 143, 124, 132, 127, 129, 108, 112, 120, 133, 125, 124, 113, 120, 106, 118, 133, 132, 110, 112, 134, 124, 85, 127, 132, 142, 145, 

80, 130, 150, 190, 130, 150, 70, 70, 80, 190, 190, 50, 80, 190, 190, 120, 130, 130, 190, 110, 190, 80, 40, 120, 50, 130, 110, 70, 130, 130, 40, 120, 80, 90, 120, 40, 80, 150, 40, 120, 50, 190, 190, 110, 110, 70, 190, 120, 130, 110, 80, 170, 190, 50, 130, 80, 70, 80, 80, 170, 120, 50, 50, 130, 40, 190, 190, 130, 50, 190, 70, 130, 190, 190, 120, 40, 190, 190, 120, 190, 120, 130, 80, 120, 190, 150, 130, 80, 170, 190, 40, 50, 130, 130, 80, 130, 130, 40, 70, 70, 
80, 70, 130, 120, 130, 130, 110, 130, 190, 50, 80, 190, 80, 190, 120, 90, 70, 50, 190, 110, 50, 190, 40, 70, 130, 190, 50, 190, 150, 80, 130, 170, 80, 110, 50, 40, 40, 190, 70, 130, 130, 80, 130, 120, 90, 40, 190, 120, 150, 80, 80, 190, 80, 190, 170, 170, 110, 80, 130, 40, 150, 110, 70, 110, 50, 80, 70, 150, 190, 70, 190, 170, 40, 150, 130, 110, 90, 90, 80, 40, 130, 150, 40, 80, 70, 70, 190, 90, 190, 130, 170, 120, 150, 90, 190, 70, 190, 40, 130, 190, 
76, 76, 103, 125, 179, 184, 103, 113, 164, 183, 175, 104, 161, 168, 184, 76, 158, 79, 49, 112, 179, 116, 49, 126, 144, 40, 89, 108, 179, 142, 180, 125, 164, 178, 148, 121, 68, 158, 86, 180, 103, 157, 186, 175, 130, 166, 175, 148, 190, 162, 76, 104, 176, 49, 129, 79, 188, 89, 124, 166, 124, 126, 186, 79, 178, 80, 166, 113, 184, 179, 183, 128, 77, 166, 129, 76, 161, 67, 188, 121, 49, 166, 139, 107, 124, 166, 178, 121, 182, 79, 128, 164, 179, 104, 161, 157, 125, 40, 85, 125, 
154, 127, 164, 120, 140, 121, 164, 65, 139, 142, 133, 167, 174, 124, 121, 80, 182, 167, 136, 176, 175, 137, 121, 175, 163, 145, 109, 155, 164, 96, 123, 168, 188, 120, 120, 172, 125, 76, 162, 120, 139, 172, 155, 145, 116, 101, 117, 165, 76, 112, 101, 164, 129, 113, 178, 137, 103, 177, 173, 84, 168, 113, 102, 120, 143, 121, 184, 172, 173, 156, 155, 123, 115, 132, 152, 164, 110, 177, 173, 175, 124, 123, 127, 170, 97, 180, 171, 172, 157, 119, 172, 177, 103, 168, 111, 84, 172, 75, 104, 174, 
170, 126, 109, 139, 170, 159, 167, 117, 83, 97, 159, 149, 165, 111, 168, 143, 169, 129, 158, 177, 73, 169, 114, 166, 138, 170, 95, 169, 128, 123, 177, 116, 114, 149, 167, 106, 139, 118, 139, 116, 84, 124, 165, 132, 175, 115, 149, 122, 165, 114, 125, 157, 137, 156, 107, 130, 161, 170, 121, 153, 133, 104, 138, 108, 72, 173, 162, 107, 172, 149, 162, 103, 166, 117, 123, 111, 169, 162, 126, 141, 163, 116, 115, 153, 124, 130, 155, 120, 112, 114, 116, 166, 167, 114, 138, 152, 147, 148, 166, 169, 
143, 144, 108, 152, 146, 107, 141, 109, 139, 102, 135, 147, 154, 157, 104, 159, 156, 146, 130, 153, 128, 157, 152, 153, 103, 147, 145, 121, 112, 95, 138, 127, 161, 161, 154, 145, 155, 162, 144, 129, 145, 151, 159, 159, 129, 146, 128, 108, 104, 155, 156, 143, 152, 151, 150, 164, 152, 150, 156, 155, 141, 115, 122, 114, 110, 144, 152, 169, 142, 138, 146, 163, 159, 166, 138, 139, 142, 110, 165, 115, 147, 170, 168, 150, 145, 166, 168, 149, 154, 138, 154, 147, 155, 136, 136, 159, 145, 145, 152, 167, 
140, 156, 136, 153, 143, 152, 116, 134, 140, 143, 139, 134, 132, 141, 132, 157, 140, 139, 153, 147, 153, 144, 152, 138, 148, 125, 148, 100, 106, 160, 115, 148, 152, 145, 157, 123, 130, 138, 139, 149, 127, 151, 140, 144, 151, 141, 140, 121, 148, 146, 140, 146, 139, 109, 140, 146, 146, 154, 141, 141, 138, 135, 142, 152, 154, 162, 73, 144, 113, 108, 151, 150, 136, 149, 128, 109, 148, 137, 125, 158, 145, 136, 152, 148, 148, 148, 145, 100, 151, 142, 150, 130, 134, 162, 133, 117, 154, 146, 132, 137, 
130, 115, 148, 125, 134, 148, 137, 99, 134, 124, 139, 128, 122, 118, 135, 128, 147, 138, 138, 136, 134, 148, 152, 147, 131, 119, 130, 141, 132, 137, 120, 155, 108, 135, 117, 135, 144, 142, 105, 109, 140, 99, 138, 137, 140, 122, 132, 149, 131, 136, 150, 107, 138, 144, 132, 142, 95, 139, 148, 145, 143, 126, 121, 136, 135, 118, 129, 153, 92, 137, 117, 130, 120, 147, 131, 130, 132, 138, 121, 142, 146, 115, 93, 137, 133, 109, 110, 138, 121, 116, 117, 122, 131, 136, 134, 118, 156, 139, 133, 110, 
132, 96, 133, 124, 128, 133, 122, 120, 139, 133, 120, 115, 114, 127, 137, 132, 132, 104, 133, 146, 132, 117, 124, 126, 132, 133, 112, 126, 132, 127, 138, 115, 138, 115, 129, 114, 100, 130, 123, 128, 121, 144, 123, 119, 142, 137, 123, 140, 113, 127, 134, 126, 129, 115, 126, 115, 126, 118, 130, 131, 135, 112, 137, 129, 91, 123, 122, 142, 100, 129, 122, 116, 126, 122, 132, 131, 125, 109, 126, 129, 130, 134, 127, 129, 107, 105, 113, 122, 88, 105, 118, 120, 89, 111, 118, 129, 122, 129, 126, 106, 

110, 80, 170, 50, 170, 30, 170, 30, 10, 170, 10, 80, 90, 50, 90, 170, 80, 30, 150, 80, 30, 150, 110, 30, 180, 170, 50, 90, 40, 40, 80, 150, 90, 80, 30, 110, 90, 40, 80, 180, 150, 80, 30, 110, 90, 30, 170, 150, 30, 180, 30, 80, 90, 10, 40, 80, 110, 90, 50, 30, 30, 170, 80, 170, 180, 90, 180, 40, 90, 40, 10, 110, 30, 170, 80, 30, 90, 40, 150, 170, 10, 80, 180, 170, 50, 170, 150, 40, 80, 90, 50, 110, 30, 30, 110, 150, 30, 40, 30, 90, 
80, 90, 110, 180, 110, 30, 110, 90, 150, 30, 30, 80, 30, 150, 80, 50, 50, 10, 110, 90, 170, 30, 170, 10, 80, 80, 150, 80, 170, 50, 80, 110, 170, 170, 170, 30, 40, 170, 10, 10, 170, 170, 40, 30, 50, 80, 180, 30, 150, 50, 30, 150, 180, 170, 80, 170, 180, 10, 170, 80, 170, 110, 40, 180, 30, 150, 80, 170, 180, 150, 30, 10, 80, 50, 90, 170, 30, 80, 10, 180, 90, 10, 30, 110, 170, 180, 80, 50, 80, 30, 90, 90, 110, 40, 80, 80, 30, 90, 170, 150, 
143, 161, 143, 164, 89, 75, 163, 170, 84, 84, 139, 85, 104, 157, 76, 75, 102, 30, 107, 157, 103, 37, 102, 171, 75, 162, 154, 164, 164, 84, 171, 75, 171, 84, 82, 89, 85, 154, 48, 75, 167, 177, 84, 156, 84, 37, 170, 39, 28, 90, 75, 170, 162, 100, 30, 89, 165, 76, 30, 30, 75, 75, 171, 136, 167, 89, 158, 162, 80, 49, 157, 107, 162, 170, 82, 156, 156, 103, 158, 30, 39, 143, 165, 144, 84, 75, 173, 164, 75, 84, 82, 102, 144, 89, 85, 140, 84, 173, 75, 48, 
140, 45, 83, 137, 78, 94, 134, 70, 148, 96, 162, 170, 81, 154, 165, 165, 30, 80, 78, 154, 78, 150, 81, 70, 152, 127, 140, 125, 162, 28, 152, 144, 96, 133, 154, 131, 38, 148, 105, 170, 156, 157, 101, 80, 70, 154, 73, 71, 164, 142, 149, 99, 163, 140, 100, 105, 152, 79, 85, 70, 169, 170, 83, 132, 149, 99, 99, 142, 151, 68, 142, 148, 148, 84, 164, 133, 44, 101, 46, 147, 126, 156, 78, 147, 68, 170, 143, 100, 85, 131, 81, 68, 149, 126, 155, 137, 143, 157, 155, 147, 
154, 99, 160, 154, 167, 149, 125, 155, 128, 117, 125, 162, 131, 84, 149, 157, 143, 70, 142, 118, 146, 85, 171, 72, 79, 78, 64, 162, 144, 138, 125, 37, 88, 99, 118, 84, 90, 126, 139, 139, 133, 85, 37, 75, 43, 160, 78, 75, 158, 87, 153, 80, 157, 154, 93, 146, 97, 68, 164, 158, 76, 144, 140, 156, 157, 98, 154, 144, 129, 86, 73, 126, 151, 63, 134, 144, 150, 141, 138, 151, 144, 139, 145, 122, 131, 138, 138, 150, 137, 147, 153, 124, 147, 127, 150, 139, 71, 142, 75, 64, 
123, 139, 142, 146, 119, 78, 118, 127, 138, 132, 118, 122, 144, 142, 83, 146, 117, 86, 130, 137, 135, 147, 78, 120, 136, 113, 133, 130, 143, 77, 124, 76, 142, 149, 139, 123, 130, 117, 133, 150, 124, 146, 72, 139, 146, 137, 133, 85, 121, 141, 107, 152, 127, 123, 133, 138, 140, 118, 123, 115, 84, 148, 135, 144, 122, 153, 59, 141, 138, 78, 137, 132, 142, 126, 124, 67, 151, 138, 130, 124, 143, 78, 127, 126, 131, 117, 154, 130, 140, 119, 150, 129, 137, 115, 136, 139, 145, 110, 146, 87, 
100, 113, 111, 144, 131, 99, 129, 146, 117, 138, 124, 121, 110, 116, 112, 143, 132, 127, 106, 112, 143, 107, 145, 77, 124, 109, 153, 121, 128, 110, 132, 131, 129, 112, 102, 130, 113, 111, 125, 129, 75, 107, 127, 127, 122, 128, 129, 123, 110, 112, 127, 124, 111, 132, 124, 144, 122, 124, 140, 109, 106, 135, 111, 122, 68, 126, 133, 131, 109, 100, 123, 124, 133, 126, 130, 90, 105, 138, 127, 121, 104, 118, 127, 64, 124, 127, 134, 66, 138, 112, 112, 128, 140, 127, 112, 122, 128, 127, 142, 125, 
111, 105, 124, 135, 123, 117, 99, 117, 98, 95, 92, 118, 107, 118, 95, 133, 129, 117, 128, 114, 108, 117, 91, 120, 116, 102, 118, 109, 134, 100, 118, 114, 111, 112, 120, 129, 117, 123, 110, 120, 96, 119, 129, 107, 104, 135, 105, 129, 104, 72, 129, 108, 124, 129, 115, 100, 106, 65, 105, 128, 114, 121, 104, 121, 110, 120, 129, 117, 119, 115, 131, 131, 71, 95, 110, 113, 139, 113, 96, 117, 135, 68, 108, 109, 92, 127, 138, 119, 97, 115, 103, 94, 126, 117, 133, 65, 104, 111, 115, 113, 
101, 98, 96, 90, 118, 104, 113, 105, 107, 103, 110, 96, 111, 107, 83, 101, 104, 86, 100, 106, 134, 107, 108, 92, 113, 113, 106, 95, 108, 123, 99, 57, 96, 73, 128, 121, 87, 99, 108, 118, 116, 104, 108, 129, 107, 96, 91, 111, 107, 94, 111, 97, 92, 98, 110, 109, 109, 120, 96, 85, 111, 91, 106, 83, 103, 89, 111, 118, 101, 102, 103, 102, 100, 111, 103, 95, 97, 91, 104, 111, 92, 112, 102, 102, 79, 103, 98, 98, 117, 111, 118, 73, 110, 106, 96, 107, 101, 66, 91, 113, 

120, 130, 50, 80, 20, 100, 20, 130, 50, 200, 50, 190, 20, 60, 50, 60, 130, 120, 20, 60, 200, 60, 130, 60, 190, 170, 80, 80, 100, 200, 200, 170, 170, 60, 100, 60, 200, 80, 100, 130, 20, 20, 130, 80, 130, 100, 50, 80, 100, 120, 120, 120, 120, 120, 120, 60, 60, 130, 120, 50, 20, 170, 80, 60, 20, 170, 20, 60, 60, 60, 100, 170, 130, 60, 50, 80, 80, 170, 200, 80, 120, 170, 80, 80, 170, 50, 200, 20, 100, 170, 50, 60, 80, 80, 80, 50, 20, 60, 60, 200, 
80, 50, 20, 120, 20, 190, 60, 100, 20, 20, 170, 80, 60, 120, 80, 120, 100, 80, 120, 60, 80, 200, 120, 120, 60, 80, 80, 190, 80, 20, 80, 190, 120, 80, 60, 20, 120, 120, 120, 170, 20, 120, 170, 190, 60, 60, 80, 20, 20, 80, 60, 130, 190, 60, 120, 120, 80, 130, 60, 60, 200, 60, 60, 200, 60, 80, 120, 50, 20, 50, 80, 60, 200, 60, 200, 170, 190, 20, 20, 100, 80, 200, 200, 120, 130, 170, 60, 20, 80, 20, 190, 120, 80, 120, 20, 130, 50, 170, 80, 190, 
125, 190, 78, 118, 161, 116, 127, 78, 74, 98, 56, 59, 59, 116, 96, 78, 116, 96, 77, 119, 184, 114, 176, 20, 188, 173, 182, 166, 125, 59, 59, 74, 78, 185, 114, 129, 120, 56, 127, 47, 74, 165, 125, 123, 116, 186, 56, 114, 47, 118, 47, 179, 114, 125, 179, 125, 74, 114, 110, 96, 74, 77, 184, 123, 177, 173, 116, 183, 77, 125, 56, 110, 155, 98, 188, 60, 159, 129, 78, 74, 188, 188, 186, 47, 56, 197, 116, 116, 74, 190, 74, 56, 129, 188, 179, 116, 96, 179, 188, 158, 
149, 189, 104, 121, 104, 109, 166, 166, 121, 118, 181, 110, 164, 113, 146, 150, 190, 172, 168, 68, 174, 114, 72, 140, 110, 114, 171, 185, 176, 106, 150, 68, 110, 118, 173, 173, 93, 148, 150, 118, 72, 162, 170, 75, 72, 144, 114, 110, 176, 181, 168, 124, 156, 170, 96, 104, 192, 91, 189, 106, 118, 156, 189, 96, 146, 103, 160, 72, 185, 78, 185, 151, 150, 108, 168, 90, 117, 187, 172, 180, 172, 94, 88, 153, 170, 56, 168, 90, 171, 162, 172, 114, 118, 124, 180, 157, 146, 168, 106, 111, 
166, 165, 165, 91, 157, 166, 155, 138, 94, 85, 156, 170, 117, 159, 106, 166, 163, 168, 70, 159, 162, 173, 175, 159, 121, 171, 157, 152, 173, 111, 106, 157, 172, 112, 100, 166, 111, 169, 102, 119, 146, 98, 104, 182, 160, 166, 152, 113, 166, 171, 164, 99, 109, 155, 160, 163, 144, 98, 101, 155, 104, 71, 102, 106, 111, 121, 169, 76, 166, 109, 65, 101, 142, 91, 156, 169, 163, 107, 156, 179, 171, 141, 98, 75, 158, 72, 88, 99, 171, 72, 110, 109, 102, 159, 171, 106, 140, 162, 92, 162, 
155, 146, 143, 102, 156, 146, 138, 130, 131, 134, 157, 102, 155, 142, 96, 151, 153, 100, 140, 157, 147, 144, 157, 152, 136, 135, 134, 152, 83, 156, 108, 141, 176, 111, 166, 154, 162, 161, 114, 149, 163, 152, 114, 138, 169, 129, 104, 153, 133, 106, 145, 69, 129, 127, 100, 174, 147, 125, 77, 146, 96, 156, 153, 138, 132, 155, 140, 151, 157, 153, 149, 166, 154, 166, 149, 126, 155, 103, 135, 130, 126, 134, 138, 152, 104, 137, 70, 139, 113, 143, 135, 164, 136, 155, 142, 144, 122, 136, 128, 152, 
138, 147, 83, 130, 146, 149, 125, 136, 125, 93, 129, 134, 138, 92, 133, 144, 140, 143, 135, 126, 118, 167, 93, 127, 121, 143, 141, 130, 140, 143, 159, 130, 153, 147, 127, 134, 127, 151, 123, 111, 145, 152, 129, 86, 107, 108, 138, 141, 143, 93, 130, 104, 124, 123, 106, 144, 125, 148, 125, 155, 134, 142, 136, 113, 128, 145, 136, 151, 107, 113, 149, 132, 141, 145, 144, 157, 137, 123, 148, 95, 136, 128, 138, 142, 128, 126, 98, 139, 157, 122, 108, 134, 125, 99, 138, 152, 132, 119, 145, 112, 
119, 125, 152, 118, 117, 140, 114, 135, 133, 134, 107, 113, 103, 116, 136, 138, 127, 128, 120, 115, 113, 128, 121, 142, 83, 114, 134, 117, 134, 144, 142, 115, 110, 133, 138, 119, 119, 140, 117, 121, 138, 144, 144, 125, 127, 129, 138, 130, 107, 135, 133, 125, 126, 109, 125, 93, 122, 83, 120, 95, 146, 146, 146, 114, 148, 128, 117, 137, 127, 136, 117, 123, 122, 138, 99, 111, 127, 126, 137, 135, 118, 122, 100, 107, 138, 150, 118, 133, 134, 105, 125, 148, 120, 123, 156, 128, 135, 113, 129, 141, 
103, 132, 128, 132, 133, 90, 95, 138, 108, 125, 138, 113, 114, 100, 112, 125, 130, 117, 116, 120, 138, 124, 136, 109, 131, 121, 110, 125, 116, 126, 110, 125, 127, 125, 124, 129, 131, 122, 122, 113, 112, 95, 111, 130, 127, 115, 111, 110, 114, 114, 127, 119, 81, 124, 108, 136, 98, 119, 114, 90, 107, 119, 96, 138, 122, 122, 130, 122, 121, 75, 108, 115, 117, 129, 132, 122, 113, 129, 88, 127, 125, 121, 116, 117, 115, 116, 135, 138, 109, 92, 129, 129, 109, 113, 102, 121, 104, 88, 128, 126, 

10, 40, 90, 130, 30, 60, 100, 50, 40, 40, 150, 130, 150, 10, 50, 150, 150, 40, 150, 40, 150, 40, 130, 50, 150, 100, 40, 30, 130, 150, 150, 100, 130, 150, 40, 50, 30, 150, 60, 40, 150, 150, 100, 40, 150, 150, 30, 50, 100, 90, 10, 150, 30, 30, 10, 90, 10, 60, 90, 30, 150, 150, 90, 150, 150, 60, 40, 10, 90, 40, 90, 60, 150, 130, 150, 30, 10, 40, 130, 150, 150, 30, 50, 30, 150, 40, 150, 150, 40, 60, 60, 100, 30, 150, 40, 10, 150, 150, 130, 150, 
150, 40, 30, 30, 150, 40, 60, 100, 100, 50, 30, 90, 150, 130, 40, 150, 150, 130, 90, 150, 100, 30, 130, 50, 90, 150, 30, 150, 30, 150, 150, 40, 150, 10, 100, 30, 60, 150, 10, 10, 40, 150, 100, 150, 150, 150, 30, 30, 40, 150, 150, 90, 150, 50, 50, 10, 40, 150, 150, 90, 10, 130, 40, 150, 40, 10, 60, 40, 130, 90, 60, 10, 50, 100, 150, 10, 50, 150, 10, 150, 50, 150, 150, 150, 40, 40, 30, 100, 40, 150, 130, 30, 60, 10, 150, 30, 130, 60, 10, 90, 
85, 145, 39, 121, 30, 85, 139, 150, 48, 150, 99, 138, 150, 141, 39, 39, 126, 58, 39, 84, 49, 139, 140, 139, 138, 126, 145, 30, 138, 94, 82, 144, 150, 121, 141, 150, 140, 138, 99, 94, 148, 145, 144, 94, 93, 138, 141, 138, 148, 150, 141, 28, 48, 91, 118, 139, 93, 127, 138, 136, 49, 58, 30, 141, 39, 86, 148, 144, 148, 91, 138, 39, 145, 39, 150, 150, 122, 138, 123, 145, 94, 140, 120, 48, 126, 39, 55, 138, 139, 48, 144, 28, 141, 138, 140, 148, 37, 138, 138, 141, 
138, 126, 127, 54, 137, 134, 136, 127, 133, 80, 126, 133, 133, 56, 88, 124, 136, 90, 87, 126, 139, 55, 52, 87, 138, 127, 124, 30, 139, 129, 110, 38, 56, 113, 111, 139, 127, 44, 127, 139, 128, 124, 47, 142, 127, 133, 86, 138, 141, 136, 143, 110, 132, 127, 111, 131, 44, 125, 136, 128, 135, 54, 132, 130, 86, 126, 126, 124, 127, 57, 127, 130, 140, 109, 113, 133, 132, 130, 139, 136, 130, 44, 85, 87, 129, 141, 55, 108, 138, 137, 125, 144, 132, 117, 139, 130, 129, 90, 148, 80, 
113, 137, 46, 129, 77, 76, 133, 130, 135, 73, 49, 129, 120, 123, 133, 115, 128, 127, 122, 82, 118, 114, 73, 126, 123, 103, 128, 102, 116, 113, 123, 86, 121, 54, 113, 117, 113, 122, 129, 73, 50, 137, 122, 73, 120, 135, 71, 127, 139, 135, 136, 124, 139, 122, 121, 127, 131, 134, 101, 127, 137, 134, 36, 110, 113, 120, 117, 76, 121, 124, 103, 122, 119, 126, 137, 125, 119, 126, 131, 138, 128, 121, 117, 123, 143, 42, 134, 115, 107, 44, 125, 118, 122, 114, 114, 102, 118, 86, 110, 136, 
128, 70, 111, 116, 118, 90, 143, 66, 107, 118, 113, 125, 123, 105, 132, 110, 114, 114, 103, 119, 102, 116, 124, 88, 121, 137, 103, 96, 120, 109, 105, 119, 116, 108, 95, 116, 108, 117, 116, 124, 119, 111, 93, 138, 124, 104, 130, 117, 108, 142, 132, 117, 115, 112, 106, 73, 119, 106, 127, 138, 120, 111, 127, 127, 120, 68, 103, 81, 51, 129, 116, 112, 126, 122, 104, 113, 101, 101, 118, 133, 122, 119, 116, 124, 104, 112, 113, 110, 75, 119, 115, 77, 94, 107, 104, 126, 103, 103, 110, 127, 
108, 98, 120, 111, 112, 122, 110, 125, 101, 105, 121, 107, 98, 100, 117, 121, 103, 121, 106, 116, 114, 108, 125, 94, 101, 127, 119, 110, 111, 87, 98, 108, 120, 95, 116, 104, 98, 107, 99, 92, 127, 109, 97, 114, 76, 115, 114, 116, 91, 63, 106, 118, 109, 114, 106, 117, 111, 94, 107, 115, 108, 109, 96, 119, 112, 110, 104, 129, 113, 106, 120, 95, 111, 117, 105, 98, 102, 101, 108, 109, 94, 111, 123, 85, 123, 117, 112, 115, 108, 112, 121, 94, 122, 137, 111, 92, 105, 100, 122, 125, 
104, 109, 113, 101, 104, 109, 85, 119, 111, 108, 96, 119, 94, 100, 102, 94, 96, 58, 89, 109, 106, 117, 96, 100, 90, 94, 111, 89, 100, 105, 106, 107, 84, 92, 109, 98, 62, 96, 114, 105, 104, 93, 106, 97, 104, 110, 99, 107, 88, 92, 89, 88, 106, 104, 61, 115, 105, 107, 102, 110, 92, 102, 85, 105, 121, 110, 101, 97, 99, 87, 89, 99, 92, 90, 91, 101, 111, 98, 104, 90, 114, 100, 113, 122, 94, 91, 104, 115, 105, 97, 94, 118, 105, 108, 119, 105, 102, 109, 100, 99, 
98, 104, 101, 82, 113, 102, 102, 103, 85, 80, 84, 102, 94, 97, 87, 78, 88, 89, 105, 92, 88, 88, 91, 88, 96, 95, 75, 90, 96, 111, 79, 89, 97, 83, 89, 90, 84, 95, 97, 85, 92, 101, 91, 75, 85, 106, 106, 87, 68, 93, 91, 96, 86, 92, 95, 114, 85, 83, 89, 107, 118, 85, 97, 88, 104, 83, 95, 90, 91, 102, 85, 80, 92, 83, 83, 102, 88, 85, 97, 86, 86, 93, 85, 86, 100, 92, 77, 80, 86, 85, 82, 107, 77, 102, 111, 97, 86, 90, 108, 104, 

160, 100, 160, 190, 20, 20, 150, 190, 190, 20, 140, 140, 100, 140, 190, 90, 50, 50, 190, 40, 40, 190, 140, 140, 50, 90, 160, 50, 150, 150, 140, 140, 50, 10, 90, 90, 140, 190, 140, 40, 50, 100, 10, 90, 140, 20, 150, 140, 100, 100, 160, 40, 20, 60, 10, 20, 100, 60, 20, 140, 150, 20, 160, 140, 190, 190, 160, 140, 60, 190, 90, 50, 10, 140, 90, 190, 150, 190, 20, 150, 140, 140, 190, 50, 140, 140, 90, 20, 140, 50, 190, 60, 140, 20, 140, 140, 10, 60, 10, 10, 
190, 140, 10, 190, 10, 160, 160, 90, 10, 140, 50, 50, 160, 190, 90, 190, 60, 20, 150, 20, 190, 20, 190, 60, 90, 90, 190, 60, 160, 140, 20, 20, 150, 20, 100, 40, 50, 160, 190, 190, 50, 50, 60, 50, 90, 100, 40, 100, 140, 50, 140, 60, 190, 140, 140, 150, 100, 50, 190, 90, 50, 100, 140, 20, 190, 50, 50, 100, 160, 50, 20, 140, 50, 20, 90, 90, 190, 140, 40, 90, 100, 140, 100, 190, 20, 60, 10, 60, 140, 90, 50, 50, 150, 140, 60, 60, 140, 50, 100, 140, 
59, 83, 96, 47, 99, 56, 56, 176, 148, 176, 47, 95, 149, 95, 91, 148, 59, 59, 47, 128, 135, 95, 176, 177, 144, 128, 176, 158, 37, 187, 186, 56, 181, 131, 177, 144, 180, 146, 145, 144, 127, 56, 140, 95, 175, 187, 92, 96, 49, 92, 180, 176, 176, 176, 153, 140, 173, 92, 173, 19, 137, 19, 173, 127, 177, 92, 158, 94, 85, 140, 130, 173, 128, 20, 131, 150, 46, 180, 99, 185, 47, 154, 132, 154, 135, 140, 131, 187, 140, 185, 173, 186, 137, 173, 47, 153, 132, 137, 47, 59, 
159, 173, 174, 123, 182, 128, 173, 126, 181, 146, 145, 159, 79, 136, 165, 55, 134, 159, 164, 130, 120, 163, 123, 138, 119, 83, 87, 157, 78, 46, 182, 115, 134, 148, 78, 131, 160, 171, 134, 124, 167, 156, 135, 123, 156, 155, 180, 171, 145, 171, 95, 136, 158, 144, 135, 174, 134, 131, 147, 119, 87, 144, 168, 155, 171, 132, 127, 79, 118, 177, 168, 46, 132, 178, 162, 147, 120, 126, 149, 166, 46, 177, 166, 75, 135, 158, 157, 126, 46, 182, 79, 135, 173, 119, 142, 127, 143, 143, 122, 176, 
165, 168, 169, 176, 110, 163, 136, 109, 145, 131, 160, 122, 169, 156, 149, 153, 115, 146, 154, 145, 152, 158, 109, 129, 149, 170, 145, 168, 162, 145, 73, 117, 167, 118, 168, 162, 106, 155, 116, 138, 143, 150, 134, 172, 142, 131, 167, 150, 137, 152, 76, 109, 143, 152, 167, 164, 128, 80, 74, 154, 158, 105, 114, 131, 42, 162, 114, 56, 156, 170, 165, 163, 146, 134, 82, 110, 123, 50, 152, 125, 164, 119, 113, 153, 144, 124, 114, 159, 131, 126, 127, 116, 161, 134, 116, 47, 162, 49, 110, 125, 
123, 142, 157, 119, 76, 155, 139, 111, 168, 143, 149, 136, 160, 137, 143, 45, 140, 149, 110, 140, 152, 130, 123, 131, 144, 144, 81, 126, 117, 144, 146, 146, 150, 111, 107, 163, 119, 141, 104, 142, 127, 149, 141, 45, 129, 145, 106, 141, 131, 40, 158, 169, 106, 123, 106, 49, 152, 130, 152, 162, 151, 151, 111, 129, 142, 112, 150, 138, 150, 110, 164, 127, 113, 108, 168, 162, 131, 156, 163, 119, 154, 155, 142, 117, 72, 107, 97, 146, 138, 135, 112, 103, 156, 146, 166, 127, 160, 152, 112, 112, 
109, 128, 136, 113, 136, 125, 141, 141, 135, 73, 95, 125, 97, 106, 152, 137, 123, 108, 144, 151, 122, 126, 128, 125, 134, 89, 143, 141, 151, 133, 96, 139, 96, 126, 75, 145, 131, 126, 145, 135, 113, 132, 135, 103, 110, 91, 144, 136, 135, 151, 154, 97, 132, 155, 97, 123, 139, 155, 126, 135, 101, 102, 146, 130, 127, 140, 72, 143, 140, 94, 147, 132, 123, 111, 145, 113, 148, 131, 145, 96, 119, 128, 133, 120, 138, 115, 107, 167, 125, 114, 130, 152, 123, 113, 119, 130, 115, 102, 124, 137, 
95, 131, 126, 145, 106, 107, 76, 113, 117, 96, 92, 131, 92, 108, 126, 85, 127, 114, 132, 108, 117, 111, 128, 146, 125, 127, 137, 121, 109, 129, 132, 110, 133, 155, 100, 115, 100, 113, 90, 136, 140, 123, 103, 127, 129, 121, 119, 124, 121, 122, 106, 114, 108, 88, 126, 127, 143, 119, 113, 137, 136, 152, 112, 97, 126, 120, 101, 92, 120, 126, 141, 155, 127, 93, 124, 102, 152, 118, 137, 126, 135, 98, 117, 111, 145, 118, 121, 100, 130, 111, 101, 114, 118, 128, 119, 138, 117, 102, 97, 117, 
72, 127, 90, 112, 130, 85, 113, 110, 98, 136, 132, 96, 70, 113, 117, 113, 87, 95, 128, 127, 131, 123, 98, 114, 115, 100, 96, 109, 111, 95, 119, 92, 124, 136, 94, 127, 86, 101, 128, 121, 90, 135, 105, 107, 127, 117, 117, 105, 117, 112, 114, 121, 113, 124, 112, 115, 131, 103, 104, 112, 102, 114, 107, 113, 103, 98, 105, 137, 105, 124, 101, 117, 72, 113, 124, 113, 135, 124, 118, 117, 132, 114, 114, 115, 97, 103, 111, 107, 123, 122, 110, 104, 84, 100, 107, 99, 102, 141, 121, 123, 

140, 80, 170, 130, 30, 30, 30, 200, 200, 140, 80, 110, 150, 130, 30, 150, 80, 200, 160, 160, 130, 80, 160, 200, 110, 200, 150, 160, 80, 30, 140, 150, 80, 80, 150, 30, 130, 200, 150, 30, 80, 170, 160, 160, 170, 80, 200, 200, 80, 80, 170, 80, 30, 200, 160, 30, 160, 200, 80, 110, 160, 160, 140, 130, 110, 160, 30, 110, 200, 80, 160, 160, 140, 30, 30, 140, 30, 160, 160, 30, 80, 30, 130, 30, 30, 170, 150, 130, 200, 30, 80, 30, 160, 30, 160, 160, 150, 200, 200, 130, 
80, 170, 80, 30, 160, 140, 200, 160, 170, 160, 80, 140, 200, 200, 160, 30, 140, 150, 30, 140, 80, 200, 170, 110, 160, 80, 170, 160, 80, 160, 130, 150, 160, 80, 80, 80, 110, 170, 130, 150, 30, 80, 200, 130, 80, 110, 30, 110, 80, 80, 160, 150, 80, 30, 140, 130, 140, 110, 130, 130, 30, 130, 30, 170, 160, 200, 140, 130, 160, 200, 30, 30, 160, 30, 30, 80, 200, 80, 200, 140, 80, 160, 30, 150, 130, 170, 140, 140, 110, 80, 80, 80, 200, 30, 140, 110, 30, 160, 200, 160, 
147, 159, 129, 107, 129, 183, 134, 193, 30, 161, 196, 80, 156, 196, 188, 148, 158, 146, 168, 157, 147, 128, 161, 147, 161, 193, 161, 107, 143, 75, 147, 102, 75, 183, 194, 30, 200, 137, 152, 157, 196, 159, 30, 183, 120, 166, 138, 147, 155, 157, 183, 196, 75, 134, 129, 155, 168, 188, 134, 125, 134, 193, 152, 75, 169, 164, 143, 139, 147, 159, 152, 156, 155, 188, 197, 196, 139, 107, 158, 102, 197, 147, 193, 194, 139, 75, 169, 196, 75, 197, 125, 75, 75, 129, 200, 157, 75, 183, 196, 120, 
184, 154, 185, 191, 144, 141, 123, 184, 191, 179, 157, 165, 179, 160, 192, 183, 123, 177, 155, 179, 139, 115, 187, 128, 195, 183, 157, 155, 134, 171, 159, 118, 155, 171, 188, 160, 118, 123, 179, 179, 184, 152, 131, 75, 151, 149, 110, 157, 75, 141, 183, 144, 151, 153, 179, 147, 152, 157, 171, 183, 171, 171, 152, 165, 155, 134, 152, 145, 166, 134, 192, 147, 186, 176, 123, 144, 99, 115, 151, 139, 142, 115, 141, 176, 134, 139, 144, 144, 147, 185, 144, 184, 171, 160, 70, 128, 110, 160, 94, 128, 
124, 127, 184, 144, 186, 142, 136, 172, 177, 181, 145, 176, 182, 169, 177, 144, 175, 115, 170, 120, 113, 154, 162, 170, 149, 175, 173, 149, 167, 126, 172, 129, 167, 162, 162, 163, 175, 138, 143, 152, 174, 182, 150, 173, 144, 110, 162, 131, 161, 134, 121, 158, 174, 139, 140, 191, 139, 146, 176, 181, 144, 172, 154, 159, 175, 162, 153, 139, 182, 152, 113, 181, 117, 162, 186, 164, 151, 174, 138, 131, 108, 172, 155, 144, 145, 172, 124, 137, 141, 171, 167, 166, 172, 174, 155, 169, 141, 159, 125, 175, 
170, 103, 162, 164, 130, 158, 175, 170, 181, 103, 163, 137, 158, 158, 157, 149, 134, 155, 131, 173, 164, 149, 132, 137, 136, 150, 138, 154, 162, 152, 142, 133, 143, 160, 163, 158, 165, 139, 176, 164, 158, 83, 121, 137, 151, 120, 169, 160, 163, 124, 163, 140, 151, 163, 136, 126, 164, 155, 139, 161, 174, 125, 104, 175, 130, 134, 139, 164, 140, 164, 138, 137, 171, 177, 131, 171, 157, 146, 126, 153, 170, 141, 137, 138, 185, 121, 168, 124, 135, 119, 170, 139, 138, 159, 168, 136, 173, 116, 130, 163, 
164, 163, 153, 147, 169, 142, 136, 124, 139, 168, 160, 121, 157, 160, 160, 165, 145, 158, 138, 164, 143, 130, 159, 151, 161, 170, 175, 151, 138, 137, 144, 134, 147, 153, 162, 165, 163, 137, 152, 168, 126, 168, 154, 117, 164, 152, 161, 132, 146, 144, 132, 142, 174, 175, 152, 155, 115, 128, 166, 146, 162, 149, 163, 162, 131, 126, 149, 164, 159, 153, 132, 155, 169, 165, 144, 130, 164, 158, 166, 163, 128, 147, 165, 151, 132, 118, 154, 153, 151, 158, 145, 126, 132, 182, 125, 141, 146, 161, 141, 153, 
140, 146, 115, 120, 159, 140, 140, 142, 161, 139, 157, 124, 141, 138, 136, 123, 157, 123, 149, 166, 119, 158, 157, 125, 156, 117, 129, 138, 136, 129, 115, 112, 137, 155, 154, 168, 147, 149, 123, 147, 158, 151, 162, 144, 142, 156, 145, 114, 155, 170, 138, 137, 144, 145, 128, 144, 144, 150, 150, 128, 143, 139, 140, 145, 146, 139, 146, 120, 142, 152, 145, 153, 120, 114, 132, 135, 153, 154, 137, 143, 136, 109, 134, 149, 143, 162, 149, 133, 153, 145, 148, 143, 133, 145, 137, 151, 165, 146, 138, 156, 
131, 139, 144, 149, 141, 123, 105, 152, 137, 158, 130, 120, 143, 163, 130, 125, 132, 133, 168, 150, 158, 140, 126, 123, 131, 142, 135, 150, 140, 157, 134, 110, 151, 141, 141, 126, 151, 134, 126, 151, 146, 154, 143, 134, 128, 133, 155, 137, 136, 141, 113, 122, 126, 152, 136, 145, 152, 145, 141, 136, 145, 127, 155, 123, 144, 142, 154, 146, 139, 118, 141, 138, 139, 134, 158, 126, 128, 146, 151, 117, 139, 142, 130, 134, 146, 153, 149, 149, 152, 110, 110, 143, 140, 138, 126, 140, 137, 142, 130, 143, 

130, 120, 30, 50, 140, 40, 120, 30, 30, 170, 90, 30, 160, 40, 160, 90, 40, 60, 130, 40, 50, 60, 90, 30, 40, 50, 140, 120, 40, 120, 40, 170, 40, 50, 160, 140, 120, 40, 60, 50, 60, 40, 60, 120, 140, 120, 120, 40, 30, 120, 120, 120, 40, 120, 160, 140, 30, 160, 120, 170, 60, 140, 40, 160, 140, 90, 110, 120, 40, 120, 50, 170, 40, 90, 30, 120, 90, 170, 140, 160, 90, 120, 40, 110, 40, 60, 110, 170, 170, 120, 40, 40, 40, 130, 130, 40, 40, 40, 40, 30, 
40, 170, 130, 120, 120, 140, 170, 170, 170, 110, 50, 120, 160, 120, 170, 130, 120, 40, 120, 140, 120, 50, 40, 130, 40, 130, 160, 40, 120, 90, 40, 140, 120, 120, 120, 30, 120, 170, 40, 60, 40, 120, 120, 170, 40, 170, 90, 140, 120, 110, 120, 40, 110, 50, 170, 90, 40, 50, 120, 130, 60, 30, 110, 160, 40, 170, 120, 120, 120, 170, 30, 40, 130, 160, 120, 170, 30, 60, 60, 140, 120, 60, 120, 170, 170, 30, 120, 120, 60, 120, 120, 170, 30, 170, 120, 90, 120, 50, 60, 40, 
157, 165, 158, 165, 120, 39, 165, 147, 87, 165, 129, 85, 156, 112, 103, 112, 129, 169, 165, 138, 123, 103, 114, 113, 139, 48, 111, 119, 85, 113, 156, 112, 39, 121, 147, 121, 165, 158, 121, 120, 167, 58, 164, 150, 59, 121, 147, 122, 170, 112, 102, 111, 105, 119, 39, 165, 156, 117, 157, 112, 113, 157, 58, 156, 117, 149, 129, 164, 104, 113, 155, 155, 111, 108, 166, 138, 103, 158, 165, 129, 57, 129, 122, 48, 159, 156, 39, 165, 131, 112, 164, 165, 159, 128, 149, 117, 114, 162, 39, 138, 
147, 161, 135, 112, 154, 120, 55, 165, 154, 155, 121, 151, 146, 130, 106, 164, 109, 121, 120, 151, 115, 151, 120, 101, 109, 152, 118, 100, 145, 145, 113, 159, 165, 164, 104, 158, 113, 109, 83, 144, 114, 152, 150, 144, 151, 145, 127, 143, 164, 128, 151, 109, 110, 128, 122, 103, 151, 128, 153, 142, 128, 120, 154, 145, 152, 154, 128, 120, 165, 153, 105, 157, 104, 113, 124, 127, 129, 152, 143, 113, 152, 103, 57, 157, 120, 165, 117, 147, 154, 103, 117, 162, 145, 154, 121, 161, 144, 157, 120, 143, 
155, 132, 135, 151, 110, 107, 120, 133, 140, 131, 146, 141, 119, 164, 123, 151, 114, 142, 146, 126, 153, 148, 127, 121, 117, 109, 139, 126, 139, 132, 118, 150, 138, 159, 102, 151, 101, 160, 141, 132, 74, 148, 117, 103, 135, 143, 132, 138, 154, 156, 138, 104, 147, 141, 148, 147, 148, 161, 125, 139, 146, 109, 140, 123, 105, 151, 151, 147, 108, 147, 128, 119, 140, 149, 118, 152, 144, 131, 148, 148, 104, 103, 128, 146, 141, 144, 140, 147, 137, 143, 120, 125, 148, 103, 135, 143, 117, 108, 130, 122, 
99, 135, 137, 135, 148, 144, 135, 156, 134, 113, 148, 139, 150, 150, 136, 127, 142, 150, 104, 155, 138, 144, 144, 157, 113, 119, 147, 114, 152, 148, 135, 102, 119, 128, 107, 128, 121, 144, 124, 137, 139, 137, 128, 129, 107, 155, 145, 128, 128, 147, 100, 136, 145, 147, 134, 143, 136, 108, 143, 144, 128, 115, 126, 133, 111, 145, 136, 128, 105, 129, 94, 121, 158, 96, 111, 146, 149, 138, 135, 102, 149, 127, 129, 141, 114, 137, 126, 148, 138, 149, 158, 145, 128, 130, 136, 142, 125, 130, 102, 128, 
136, 132, 129, 147, 132, 136, 125, 139, 100, 115, 140, 138, 136, 111, 135, 134, 137, 124, 131, 101, 107, 134, 115, 139, 119, 133, 133, 124, 93, 126, 120, 135, 134, 110, 138, 152, 139, 140, 140, 126, 85, 101, 137, 142, 115, 132, 136, 130, 124, 131, 131, 103, 135, 104, 131, 136, 113, 136, 131, 136, 133, 116, 123, 143, 105, 101, 122, 124, 127, 135, 134, 94, 143, 140, 116, 137, 136, 127, 110, 130, 110, 135, 108, 96, 140, 130, 138, 127, 102, 125, 147, 116, 133, 108, 105, 144, 106, 139, 131, 131, 
116, 135, 131, 137, 125, 129, 97, 122, 114, 131, 123, 121, 129, 123, 125, 132, 111, 127, 137, 129, 87, 133, 120, 114, 128, 110, 128, 137, 123, 135, 123, 124, 115, 123, 105, 122, 126, 136, 128, 128, 120, 139, 112, 123, 136, 118, 132, 135, 136, 137, 123, 123, 104, 126, 131, 130, 116, 138, 128, 128, 128, 140, 111, 110, 135, 106, 122, 121, 132, 98, 97, 95, 123, 138, 117, 104, 120, 139, 120, 137, 132, 144, 119, 109, 123, 137, 108, 114, 133, 134, 126, 115, 124, 95, 137, 122, 126, 125, 128, 108, 
107, 114, 117, 133, 105, 126, 128, 128, 132, 123, 119, 132, 129, 104, 114, 123, 121, 121, 121, 103, 121, 120, 110, 114, 116, 125, 107, 121, 123, 123, 102, 103, 122, 118, 115, 105, 133, 126, 135, 119, 119, 101, 108, 125, 120, 88, 117, 112, 107, 117, 105, 130, 94, 106, 113, 90, 114, 109, 132, 104, 125, 110, 133, 87, 121, 115, 114, 125, 122, 128, 117, 114, 120, 125, 113, 110, 120, 110, 113, 104, 115, 110, 112, 96, 113, 100, 114, 112, 112, 111, 119, 108, 110, 121, 130, 97, 110, 119, 118, 124, 

